550
558
566
574
582
590
598
606
614
622
630
638
646
654
662
670
678
686
694
702
710
718
726
734
742
750
758
766
774
782
790
798
806
814
822
830
838
846
854
862
870
878
886
894
902
910
918
926
934
942
950
942
934
926
918
910
902
894
886
878
870
862
854
846
838
830
822
814
806
798
790
782
774
766
758
750
742
734
726
718
710
702
694
686
678
670
662
654
646
638
630
622
614
606
598
590
582
574
566
558
550
558
566
574
582
590
598
606
614
622
630
638
646
654
662
670
678
686
694
702
710
718
726
734
742
750
758
766
774
782
790
798
806
814
822
830
838
846
854
862
870
878
886
894
902
910
918
926
934
942
950
942
934
926
918
910
902
894
886
878
870
862
854
846
838
830
822
814
806
798
790
782
774
766
758
750
742
734
726
718
710
702
694
686
678
670
662
654
646
638
630
622
614
606
598
590
582
574
566
558
550
558
566
574
582
590
598
606
614
622
630
638
646
654
662
670
678
686
694
702
710
718
726
734
742
750
758
766
774
782
790
798
806
814
822
830
838
846
854
862
870
878
886
894
902
910
918
926
934
942
950
942
934
926
918
910
902
894
886
878
870
862
854
846
838
830
822
814
806
798
790
782
774
766
758
750
742
734
726
718
710
702
694
686
678
670
662
654
646
638
630
622
614
606
598
590
582
574
566
558
550
558
566
574
582
590
598
606
614
622
630
638
646
654
662
670
678
686
694
702
710
718
726
734
742
750
758
766
774
782
790
798
806
814
822
830
838
846
854
862
870
878
886
894
902
910
918
926
934
942
950
942
934
926
918
910
902
894
886
878
870
862
854
846
838
830
822
814
806
798
790
782
774
766
758
750
742
734
726
718
710
702
694
686
678
670
662
654
646
638
630
622
614
606
598
590
582
574
566
558
-1
